# Post Processing Settings
bloom_threshold=0.000000
bloom_intensity=0.000000
vignette_strength=0.500000
saturation=1.100000
contrast=1.150000
chromatic_aberration=0.000000
film_grain=0.030000
color_warmth=0.100000
