# Post Processing Settings
bloom_threshold=0.600000
bloom_intensity=0.400000
vignette_strength=0.500000
saturation=1.100000
contrast=1.150000
chromatic_aberration=0.003000
film_grain=0.030000
color_warmth=0.250000
